fx = 1240.0
fy = 1366.0
cx = 950.0
cy = 496.0
k1 = -0.358
k2 = 0.046
p1 = -0.088
p2 = 0.102